20401094656.000000 20401094656.000000 20401094656.000000 20401094656.000000 20401094656.000000 20401094656.000000 20401094656.000000 20401094656.000000 20401094656.000000 20401094656.000000 20401094656.000000 20401094656.000000 20401094656.000000 20401094656.000000 20401094656.000000 20401094656.000000 20401094656.000000 20401094656.000000 20401094656.000000 20401094656.000000 20401094656.000000 20401094656.000000 20401094656.000000 20401094656.000000 20401094656.000000 20401094656.000000 20401094656.000000 20401094656.000000 
20401094656.000000 20401094656.000000 20401094656.000000 20401094656.000000 20401094656.000000 20401094656.000000 20401094656.000000 20401094656.000000 20401094656.000000 20401094656.000000 20401094656.000000 20401094656.000000 20401094656.000000 20401094656.000000 20401094656.000000 20401094656.000000 20401094656.000000 20401094656.000000 20401094656.000000 20401094656.000000 20401094656.000000 20401094656.000000 20401094656.000000 20401094656.000000 20401094656.000000 20401094656.000000 20401094656.000000 20401094656.000000 
20401094656.000000 20401094656.000000 20401094656.000000 20401094656.000000 20401094656.000000 20401094656.000000 20401094656.000000 20401094656.000000 20401094656.000000 20401094656.000000 20401094656.000000 20401094656.000000 20401094656.000000 20401094656.000000 20401094656.000000 20401094656.000000 20401094656.000000 20401094656.000000 20401094656.000000 20401094656.000000 20401094656.000000 20401094656.000000 20401094656.000000 20401094656.000000 20401094656.000000 20401094656.000000 20401094656.000000 20401094656.000000 
20401094656.000000 20401094656.000000 20401094656.000000 20401094656.000000 20401094656.000000 20401094656.000000 20401094656.000000 20401094656.000000 20401094656.000000 20401094656.000000 23380056064.000000 26383163392.000000 29371013120.000000 32396509184.000000 35441848320.000000 35582013440.000000 35664908288.000000 35677904896.000000 35758936064.000000 35783241728.000000 35805614080.000000 35793891328.000000 32737077248.000000 29653172224.000000 26567284736.000000 23448287232.000000 20401094656.000000 20401094656.000000 
20401094656.000000 20401094656.000000 20401094656.000000 20401094656.000000 20401094656.000000 20401094656.000000 23463249920.000000 26492403712.000000 29540767744.000000 32643672064.000000 38637350912.000000 41732562944.000000 44825276416.000000 47894339584.000000 50978136064.000000 51130564608.000000 51208744960.000000 51207970816.000000 51287375872.000000 51312762880.000000 51325648896.000000 51268206592.000000 45124911104.000000 38928941056.000000 32724893696.000000 26488674304.000000 20401094656.000000 20401094656.000000 
20401094656.000000 20401094656.000000 20401094656.000000 20401094656.000000 20401094656.000000 23481440256.000000 29600243712.000000 35726458880.000000 41929494528.000000 48110264320.000000 54194036736.000000 57287270400.000000 60376891392.000000 63453888512.000000 66545225728.000000 66697658368.000000 66738384896.000000 66697809920.000000 66736324608.000000 66705997824.000000 66654281728.000000 63492374528.000000 54320762880.000000 45070888960.000000 35775754240.000000 26517309440.000000 20401094656.000000 20401094656.000000 
20401094656.000000 20401094656.000000 20401094656.000000 20401094656.000000 20401094656.000000 26483922944.000000 35719819264.000000 44963287040.000000 54285283328.000000 63569182720.000000 69716713472.000000 72817008640.000000 75884814336.000000 78912634880.000000 81999233024.000000 82153177088.000000 79053979648.000000 75920285696.000000 72889352192.000000 69741551616.000000 66615984128.000000 63495737344.000000 54339362816.000000 45062160384.000000 35774406656.000000 26525464576.000000 20401094656.000000 20401094656.000000 
20401094656.000000 20401094656.000000 20401094656.000000 20401094656.000000 20401094656.000000 26453739520.000000 38757924864.000000 51110211584.000000 63493296128.000000 75885961216.000000 85153464320.000000 88290385920.000000 91267309568.000000 91230027776.000000 94314176512.000000 94460665856.000000 88233598976.000000 82153644032.000000 79071961088.000000 72861589504.000000 66665979904.000000 63533686784.000000 54375170048.000000 45094883328.000000 35805536256.000000 26539497472.000000 20401094656.000000 20401094656.000000 
20401094656.000000 20401094656.000000 20401094656.000000 20401094656.000000 20401094656.000000 26425751552.000000 38731730944.000000 54121701376.000000 69410988032.000000 84932575232.000000 94398455808.000000 97552343040.000000 94484398080.000000 88539463680.000000 85413855232.000000 82283773952.000000 72998174720.000000 66880012288.000000 63710752768.000000 57456775168.000000 51207262208.000000 48126181376.000000 41956282368.000000 35782090752.000000 29631713280.000000 23466151936.000000 20401094656.000000 20401094656.000000 
20401094656.000000 20401094656.000000 20401094656.000000 20401094656.000000 20401094656.000000 26434007040.000000 35712778240.000000 48010190848.000000 60248518656.000000 75816919040.000000 85296627712.000000 91467710464.000000 91311456256.000000 85243346944.000000 79003721728.000000 72765726720.000000 60367978496.000000 51371397120.000000 48228884480.000000 42004480000.000000 35758379008.000000 32674316288.000000 29604327424.000000 26537459712.000000 23448193024.000000 20401094656.000000 20401094656.000000 20401094656.000000 
20401094656.000000 20401094656.000000 20401094656.000000 20401094656.000000 20401094656.000000 23423590400.000000 29558740992.000000 38760423424.000000 47882776576.000000 63300018176.000000 75830657024.000000 85122711552.000000 88038703104.000000 82003525632.000000 72732975104.000000 63390396416.000000 47908806656.000000 35872444416.000000 32773988352.000000 26594476032.000000 20401094656.000000 20401094656.000000 20401094656.000000 20401094656.000000 20401094656.000000 20401094656.000000 20401094656.000000 20401094656.000000 
20401094656.000000 20401094656.000000 20401094656.000000 20401094656.000000 20401094656.000000 20401094656.000000 23477020672.000000 29536643072.000000 35521183744.000000 47822901248.000000 63313256448.000000 75725815808.000000 81788829696.000000 78883373056.000000 72698421248.000000 63231799296.000000 47632297984.000000 35600564224.000000 32537321472.000000 26369445888.000000 20401094656.000000 20401094656.000000 20401094656.000000 20401094656.000000 20401094656.000000 20401094656.000000 20401094656.000000 20401094656.000000 
20401094656.000000 20401094656.000000 20401094656.000000 20401094656.000000 20401094656.000000 20401094656.000000 20401094656.000000 23413864448.000000 26326550528.000000 35459588096.000000 47834992640.000000 63327834112.000000 72538324992.000000 75847024640.000000 72854011904.000000 66420178944.000000 53978869760.000000 41755631616.000000 35552731136.000000 29371705344.000000 23388585984.000000 20401094656.000000 20401094656.000000 20401094656.000000 20401094656.000000 20401094656.000000 20401094656.000000 20401094656.000000 
20401094656.000000 20401094656.000000 20401094656.000000 20401094656.000000 20401094656.000000 20401094656.000000 20401094656.000000 20401094656.000000 20401094656.000000 26454720512.000000 35701772288.000000 48064094208.000000 63383764992.000000 72734375936.000000 75929722880.000000 75789058048.000000 69456052224.000000 57245790208.000000 47908614144.000000 38584143872.000000 29501231104.000000 23391363072.000000 20401094656.000000 20401094656.000000 20401094656.000000 20401094656.000000 20401094656.000000 20401094656.000000 
20401094656.000000 20401094656.000000 20401094656.000000 20401094656.000000 20401094656.000000 20401094656.000000 20401094656.000000 20401094656.000000 20401094656.000000 23404609536.000000 29505173504.000000 38786969600.000000 51126157312.000000 63460409344.000000 72846327808.000000 78906966016.000000 78843289600.000000 72606687232.000000 60283142144.000000 47928270848.000000 35717640192.000000 26471176192.000000 20401094656.000000 20401094656.000000 20401094656.000000 20401094656.000000 20401094656.000000 20401094656.000000 
20401094656.000000 20401094656.000000 20401094656.000000 20401094656.000000 20401094656.000000 20401094656.000000 20401094656.000000 20401094656.000000 20401094656.000000 20401094656.000000 23447752704.000000 29587748864.000000 38841475072.000000 51166760960.000000 63540617216.000000 75878850560.000000 82028273664.000000 81993785344.000000 72772829184.000000 60302893056.000000 44986617856.000000 32643018752.000000 23423467520.000000 20401094656.000000 20401094656.000000 20401094656.000000 20401094656.000000 20401094656.000000 
20401094656.000000 20401094656.000000 20401094656.000000 20401094656.000000 20401094656.000000 20401094656.000000 20401094656.000000 20401094656.000000 20401094656.000000 20401094656.000000 20401094656.000000 23477405696.000000 32674154496.000000 44963577856.000000 57353166848.000000 72875270144.000000 85228404736.000000 88356560896.000000 82103590912.000000 69680586752.000000 54139580416.000000 38682857472.000000 26337968128.000000 20401094656.000000 20401094656.000000 20401094656.000000 20401094656.000000 20401094656.000000 
20401094656.000000 20401094656.000000 20401094656.000000 20401094656.000000 20401094656.000000 20401094656.000000 20401094656.000000 20401094656.000000 20401094656.000000 20401094656.000000 23473410048.000000 26552158208.000000 35724836864.000000 48005648384.000000 60364132352.000000 72917581824.000000 85331116032.000000 91555995648.000000 85273747456.000000 72893751296.000000 57381789696.000000 41803259904.000000 26366621696.000000 20401094656.000000 20401094656.000000 20401094656.000000 20401094656.000000 20401094656.000000 
20401094656.000000 20401094656.000000 20401094656.000000 20401094656.000000 20401094656.000000 20401094656.000000 20401094656.000000 20401094656.000000 23455553536.000000 26525689856.000000 32637700096.000000 38851072000.000000 48083333120.000000 57401794560.000000 66696921088.000000 76075425792.000000 85406900224.000000 88513896448.000000 82196848640.000000 69853265920.000000 54303047680.000000 38787166208.000000 26374756352.000000 20401094656.000000 20401094656.000000 20401094656.000000 20401094656.000000 20401094656.000000 
20401094656.000000 20401094656.000000 20401094656.000000 20401094656.000000 20401094656.000000 20401094656.000000 23454115840.000000 26503763968.000000 32595644416.000000 38800674816.000000 48026607616.000000 54332506112.000000 63588564992.000000 69891596288.000000 76071452672.000000 82175057920.000000 85225496576.000000 82177916928.000000 75823521792.000000 63457792000.000000 48107704320.000000 35712983040.000000 26388789248.000000 20401094656.000000 20401094656.000000 20401094656.000000 20401094656.000000 20401094656.000000 
20401094656.000000 20401094656.000000 20401094656.000000 20401094656.000000 23444858880.000000 26530015232.000000 32621174784.000000 38804926464.000000 48012906496.000000 54318047232.000000 63533252608.000000 69840707584.000000 79101599744.000000 85251530752.000000 88294965248.000000 88225857536.000000 85144666112.000000 75892015104.000000 63500128256.000000 51086303232.000000 38828974080.000000 29563385856.000000 23340322816.000000 20401094656.000000 20401094656.000000 20401094656.000000 20401094656.000000 20401094656.000000 
20401094656.000000 20401094656.000000 23485593600.000000 26572148736.000000 32654688256.000000 38872915968.000000 48078962688.000000 54325153792.000000 63519997952.000000 69835071488.000000 79074091008.000000 85237030912.000000 88303616000.000000 88308736000.000000 85229535232.000000 78911610880.000000 69713108992.000000 60436221952.000000 48135335936.000000 38827896832.000000 29703829504.000000 23504455680.000000 20401094656.000000 20401094656.000000 20401094656.000000 20401094656.000000 20401094656.000000 20401094656.000000 
20401094656.000000 20401094656.000000 26561564672.000000 32758886400.000000 41972637696.000000 51313192960.000000 63563419648.000000 69814108160.000000 79030534144.000000 85215682560.000000 88266514432.000000 88286126080.000000 85246304256.000000 79000100864.000000 69791039488.000000 63398027264.000000 54201606144.000000 44882173952.000000 35698085888.000000 29532231680.000000 23473358848.000000 20401094656.000000 20401094656.000000 20401094656.000000 20401094656.000000 20401094656.000000 20401094656.000000 20401094656.000000 
20401094656.000000 20401094656.000000 26531645440.000000 32737316864.000000 41940586496.000000 51299020800.000000 63607857152.000000 69831876608.000000 76021088256.000000 79161458688.000000 79169617920.000000 76031680512.000000 69833801728.000000 63497269248.000000 54281703424.000000 47886487552.000000 38691430400.000000 32518725632.000000 26442926080.000000 23340322816.000000 20401094656.000000 20401094656.000000 20401094656.000000 20401094656.000000 20401094656.000000 20401094656.000000 20401094656.000000 20401094656.000000 
20401094656.000000 20401094656.000000 26503307264.000000 32705880064.000000 41938673664.000000 51272957952.000000 60566593536.000000 63767973888.000000 66872868864.000000 66872590336.000000 63753850880.000000 60531314688.000000 54326448128.000000 47987953664.000000 38770192384.000000 32579420160.000000 26496825344.000000 23395125248.000000 20401094656.000000 20401094656.000000 20401094656.000000 20401094656.000000 20401094656.000000 20401094656.000000 20401094656.000000 20401094656.000000 20401094656.000000 20401094656.000000 
20401094656.000000 20401094656.000000 26512250880.000000 32717144064.000000 38921412608.000000 45169287168.000000 51375267840.000000 51431481344.000000 51421753344.000000 51322482688.000000 48227713024.000000 45011910656.000000 38814564352.000000 32627474432.000000 26523355136.000000 23402424320.000000 20401094656.000000 20401094656.000000 20401094656.000000 20401094656.000000 20401094656.000000 20401094656.000000 20401094656.000000 20401094656.000000 20401094656.000000 20401094656.000000 20401094656.000000 20401094656.000000 
20401094656.000000 20401094656.000000 23497078784.000000 26609909760.000000 29717379072.000000 32861011968.000000 35968663552.000000 35968286720.000000 35945652224.000000 35845578752.000000 32727134208.000000 29619998720.000000 26536163328.000000 23415820288.000000 20401094656.000000 20401094656.000000 20401094656.000000 20401094656.000000 20401094656.000000 20401094656.000000 20401094656.000000 20401094656.000000 20401094656.000000 20401094656.000000 20401094656.000000 20401094656.000000 20401094656.000000 20401094656.000000 
20401094656.000000 20401094656.000000 20401094656.000000 20401094656.000000 20401094656.000000 20401094656.000000 20401094656.000000 20401094656.000000 20401094656.000000 20401094656.000000 20401094656.000000 20401094656.000000 20401094656.000000 20401094656.000000 20401094656.000000 20401094656.000000 20401094656.000000 20401094656.000000 20401094656.000000 20401094656.000000 20401094656.000000 20401094656.000000 20401094656.000000 20401094656.000000 20401094656.000000 20401094656.000000 20401094656.000000 20401094656.000000 
