0.000000 0.000000 0.000000 0.005661 0.170936 0.438661 0.934658 1.366331 1.629990 2.131163 1.608786 1.281230 0.845805 0.372915 
0.000000 0.000000 0.340362 0.829731 1.236727 1.848092 2.474298 2.251879 1.720850 1.615016 0.671563 0.484636 0.000000 0.000000 
0.000000 0.000000 0.000000 0.000000 0.462862 0.000000 0.000000 0.000000 0.000000 0.000000 0.000000 0.000000 0.000000 0.000000 
0.000000 0.000000 0.000000 0.000000 0.000000 0.000000 0.000000 0.000000 0.000000 0.000000 0.000000 0.000000 0.049205 0.000000 
0.000000 0.000000 0.000000 0.000000 0.000000 0.000000 0.000000 0.000000 0.000000 0.821757 0.901407 0.424958 0.356367 0.061678 
0.000000 0.000000 0.000000 0.000000 0.000000 0.000000 1.269814 2.338869 2.421596 2.113851 1.419658 1.286084 0.714346 0.458608 
0.001249 0.195035 0.442769 0.659199 0.079284 0.000000 0.000000 1.688530 1.661631 1.369429 1.271999 0.820327 0.440400 0.289704 
0.000000 0.090478 0.368146 0.356625 0.145444 0.072032 0.000000 0.432422 0.945755 1.375812 0.000000 0.000000 0.000000 0.000000 
0.000000 0.000000 0.115291 0.755200 1.204829 1.681658 1.585673 0.872772 0.000000 0.000000 0.000000 0.000000 0.000000 0.000000 
0.050901 0.407318 0.754003 1.299597 1.798938 1.333839 0.000000 0.000000 0.000000 0.000000 0.000000 0.000000 0.000000 0.000000 
0.000000 0.000000 0.000000 0.000000 0.000000 0.000000 0.000000 0.000000 0.000000 0.391205 0.709925 0.000000 0.000000 0.007140 
0.000000 0.000000 0.000000 0.000000 0.000000 0.000000 0.000000 0.801046 1.343958 0.883115 0.508600 0.099598 0.408901 0.037292 
0.000000 0.000000 0.000000 0.000000 0.000000 1.215445 2.316526 1.614624 1.225767 0.715318 0.475504 0.438185 0.440171 0.000000 
0.000000 0.000000 0.631593 1.930752 2.316771 2.101834 1.900223 0.960899 0.528653 0.591088 0.398988 0.263861 0.037127 0.000000 
