0.000000 0.000000 0.000000 0.000000 0.000000 0.000000 10285034496.000000 18790463488.000000 21900591104.000000 27165116416.000000 29596243968.000000 28556771328.000000 33770285056.000000 24045242368.000000 
0.000000 0.000000 0.000000 0.000000 0.000000 0.000000 12619022336.000000 17927700480.000000 15923324928.000000 20383576064.000000 23358982144.000000 14582128640.000000 9718567936.000000 12885294080.000000 
0.000000 0.000000 0.000000 0.000000 0.000000 0.000000 0.000000 0.000000 0.000000 0.000000 0.000000 0.000000 0.000000 0.000000 
0.000000 0.000000 0.000000 0.000000 0.000000 0.000000 0.000000 0.000000 0.000000 0.000000 0.000000 0.000000 0.000000 0.000000 
0.000000 0.000000 0.000000 0.000000 0.000000 0.000000 0.000000 0.000000 0.000000 0.000000 0.000000 0.000000 10810293248.000000 13947807744.000000 
0.000000 0.000000 0.000000 0.000000 0.000000 0.000000 0.000000 0.000000 6325900288.000000 30106390528.000000 50521104384.000000 58314846208.000000 47566336000.000000 34337206272.000000 
0.000000 2704928768.000000 9151862784.000000 0.000000 0.000000 0.000000 0.000000 2981503744.000000 30457049088.000000 49497513984.000000 48015921152.000000 57621405696.000000 47291035648.000000 32139665408.000000 
0.000000 92292496.000000 14068336640.000000 9938991104.000000 0.000000 0.000000 0.000000 680832768.000000 24280956928.000000 27754774528.000000 1345335296.000000 0.000000 6891361792.000000 13591911424.000000 
0.000000 0.000000 0.000000 7056383488.000000 8374052352.000000 0.000000 0.000000 14031489024.000000 18414227456.000000 21369706496.000000 1246036352.000000 0.000000 0.000000 10413826048.000000 
0.000000 0.000000 0.000000 0.000000 5203956736.000000 12442738688.000000 0.000000 0.000000 0.000000 0.000000 0.000000 0.000000 0.000000 10979368960.000000 
0.000000 0.000000 0.000000 0.000000 0.000000 0.000000 0.000000 0.000000 0.000000 0.000000 0.000000 0.000000 15133121536.000000 14739320832.000000 
0.000000 0.000000 0.000000 0.000000 0.000000 0.000000 0.000000 0.000000 0.000000 0.000000 5703294464.000000 24005083136.000000 29637838848.000000 16482732032.000000 
0.000000 0.000000 0.000000 0.000000 0.000000 0.000000 0.000000 0.000000 0.000000 14145007616.000000 25030516736.000000 19610558464.000000 10162800640.000000 3007602944.000000 
0.000000 0.000000 0.000000 0.000000 3824382976.000000 13922348032.000000 28730677248.000000 34039513088.000000 37115645952.000000 31887933440.000000 23183521792.000000 8854894592.000000 2118704640.000000 4686381568.000000 
