9663676416.000000 9663676416.000000 9663676416.000000 9663676416.000000 9663676416.000000 9663676416.000000 9663676416.000000 9663676416.000000 9663676416.000000 9663676416.000000 9663676416.000000 9663676416.000000 9663676416.000000 9663676416.000000 9663676416.000000 9663676416.000000 9663676416.000000 9663676416.000000 9663676416.000000 9663676416.000000 9663676416.000000 9663676416.000000 9663676416.000000 9663676416.000000 9663676416.000000 9663676416.000000 9663676416.000000 9663676416.000000 
9663676416.000000 9663676416.000000 9663676416.000000 9663676416.000000 9663676416.000000 9663676416.000000 9663676416.000000 9663676416.000000 9663676416.000000 9663676416.000000 9663676416.000000 9663676416.000000 9663676416.000000 9663676416.000000 9663676416.000000 9663676416.000000 9663676416.000000 9663676416.000000 9663676416.000000 9663676416.000000 9663676416.000000 9663676416.000000 9663676416.000000 9663676416.000000 9663676416.000000 9663676416.000000 9663676416.000000 9663676416.000000 
9663676416.000000 9663676416.000000 9663676416.000000 9663676416.000000 9663676416.000000 9663676416.000000 9663676416.000000 9663676416.000000 9663676416.000000 9663676416.000000 9663676416.000000 9663676416.000000 9663676416.000000 9663676416.000000 9663676416.000000 9663676416.000000 9663676416.000000 9663676416.000000 9663676416.000000 9663676416.000000 9663676416.000000 9663676416.000000 9663676416.000000 9663676416.000000 9663676416.000000 9663676416.000000 9663676416.000000 9663676416.000000 
9663676416.000000 9663676416.000000 9663676416.000000 9663676416.000000 9663676416.000000 9663676416.000000 9663676416.000000 9663676416.000000 9663676416.000000 9663676416.000000 12630010880.000000 15649557504.000000 18653034496.000000 21634695168.000000 24655888384.000000 24795068416.000000 24877389824.000000 24891330560.000000 24971831296.000000 24999997440.000000 25019484160.000000 25007482880.000000 21962471424.000000 18863927296.000000 15763635200.000000 12686882816.000000 9663676416.000000 9663676416.000000 
9663676416.000000 9663676416.000000 9663676416.000000 9663676416.000000 9663676416.000000 9663676416.000000 12714178560.000000 15757554688.000000 18821173248.000000 21880997888.000000 27865147392.000000 30955382784.000000 34035484672.000000 37033431040.000000 40132247552.000000 40286597120.000000 40363745280.000000 40363974656.000000 40445620224.000000 40469639168.000000 40480706560.000000 40422883328.000000 34279350272.000000 28074125312.000000 21867927552.000000 15744995328.000000 9663676416.000000 9663676416.000000 
9663676416.000000 9663676416.000000 9663676416.000000 9663676416.000000 9663676416.000000 12731481088.000000 18880143360.000000 25015906304.000000 31164284928.000000 37249126400.000000 43344400384.000000 46445588480.000000 49451585536.000000 52486766592.000000 55588876288.000000 55742029824.000000 55783432192.000000 55740653568.000000 55781818368.000000 55751970816.000000 55692509184.000000 52547493888.000000 43354415104.000000 34085490688.000000 24925708288.000000 15805539328.000000 9663676416.000000 9663676416.000000 
9663676416.000000 9663676416.000000 9663676416.000000 9663676416.000000 9663676416.000000 15748403200.000000 24988475392.000000 34240065536.000000 43371859968.000000 52602564608.000000 58783236096.000000 61846237184.000000 64935043072.000000 67978244096.000000 71040884736.000000 71190093824.000000 68102856704.000000 64956284928.000000 61908692992.000000 58801872896.000000 55698448384.000000 52564123648.000000 43402186752.000000 34161022976.000000 25005658112.000000 15766712320.000000 9663676416.000000 9663676416.000000 
9663676416.000000 9663676416.000000 9663676416.000000 9663676416.000000 9663676416.000000 15724036096.000000 28039692288.000000 40277483520.000000 52583833600.000000 64978341888.000000 74130358272.000000 77265608704.000000 80252551168.000000 80175702016.000000 83240271872.000000 83387932672.000000 77216210944.000000 71105724416.000000 68001095680.000000 61902548992.000000 55709929472.000000 52586770432.000000 43457269760.000000 34299043840.000000 25017731072.000000 15780188160.000000 9663676416.000000 9663676416.000000 
9663676416.000000 9663676416.000000 9663676416.000000 9663676416.000000 9663676416.000000 15701934080.000000 27935451136.000000 43241246720.000000 58525433856.000000 73914941440.000000 83364175872.000000 86491856896.000000 83434496000.000000 77465231360.000000 74341752832.000000 71256875008.000000 62049009664.000000 55842709504.000000 52782448640.000000 46640939008.000000 40367296512.000000 37265702912.000000 31191089152.000000 24997890048.000000 18818940928.000000 12735916032.000000 9663676416.000000 9663676416.000000 
9663676416.000000 9663676416.000000 9663676416.000000 9663676416.000000 9663676416.000000 15656589312.000000 24894142464.000000 37244583936.000000 49357537280.000000 64836059136.000000 74273849344.000000 80471244800.000000 80261865472.000000 74194141184.000000 67935109120.000000 61838323712.000000 49419571200.000000 40426414080.000000 37348864000.000000 31150755840.000000 24923834368.000000 21904699392.000000 18833881088.000000 15754655744.000000 12718530560.000000 9663676416.000000 9663676416.000000 9663676416.000000 
9663676416.000000 9663676416.000000 9663676416.000000 9663676416.000000 9663676416.000000 12624539648.000000 18779734016.000000 27953887232.000000 37053140992.000000 52407967744.000000 64876359680.000000 74184859648.000000 76995371008.000000 70923304960.000000 61773770752.000000 52415823872.000000 37089370112.000000 25137985536.000000 21976199168.000000 15835224064.000000 9663676416.000000 9663676416.000000 9663676416.000000 9663676416.000000 9663676416.000000 9663676416.000000 9663676416.000000 9663676416.000000 
9663676416.000000 9663676416.000000 9663676416.000000 9663676416.000000 9663676416.000000 9663676416.000000 12678567936.000000 18757763072.000000 24718454784.000000 36994453504.000000 52503625728.000000 64810979328.000000 70749339648.000000 67914186752.000000 61620535296.000000 52222746624.000000 36902453248.000000 24771188736.000000 21688850432.000000 15615643648.000000 9663676416.000000 9663676416.000000 9663676416.000000 9663676416.000000 9663676416.000000 9663676416.000000 9663676416.000000 9663676416.000000 
9663676416.000000 9663676416.000000 9663676416.000000 9663676416.000000 9663676416.000000 9663676416.000000 9663676416.000000 12615766016.000000 15525220352.000000 24686307328.000000 36996177920.000000 52418072576.000000 61671383040.000000 64879996928.000000 61883904000.000000 55538450432.000000 43096748032.000000 30915631104.000000 24710774784.000000 18586044416.000000 12627115008.000000 9663676416.000000 9663676416.000000 9663676416.000000 9663676416.000000 9663676416.000000 9663676416.000000 9663676416.000000 
9663676416.000000 9663676416.000000 9663676416.000000 9663676416.000000 9663676416.000000 9663676416.000000 9663676416.000000 9663676416.000000 9663676416.000000 15676166144.000000 24881113088.000000 37299380224.000000 52482252800.000000 61813407744.000000 65000722432.000000 64794193920.000000 58484600832.000000 46272299008.000000 37034340352.000000 27750987776.000000 18713088000.000000 12629981184.000000 9663676416.000000 9663676416.000000 9663676416.000000 9663676416.000000 9663676416.000000 9663676416.000000 
9663676416.000000 9663676416.000000 9663676416.000000 9663676416.000000 9663676416.000000 9663676416.000000 9663676416.000000 9663676416.000000 9663676416.000000 12606763008.000000 18727108608.000000 27979597824.000000 40308035584.000000 52627394560.000000 61946818560.000000 67947515904.000000 67887271936.000000 61660930048.000000 49311494144.000000 37008932864.000000 24868769792.000000 15726016512.000000 9663676416.000000 9663676416.000000 9663676416.000000 9663676416.000000 9663676416.000000 9663676416.000000 
9663676416.000000 9663676416.000000 9663676416.000000 9663676416.000000 9663676416.000000 9663676416.000000 9663676416.000000 9663676416.000000 9663676416.000000 9663676416.000000 12648783872.000000 18807660544.000000 28035110912.000000 40349917184.000000 52657905664.000000 64901107712.000000 71064576000.000000 71045644288.000000 61789626368.000000 49342500864.000000 34081476608.000000 21862520832.000000 12662005760.000000 9663676416.000000 9663676416.000000 9663676416.000000 9663676416.000000 9663676416.000000 
9663676416.000000 9663676416.000000 9663676416.000000 9663676416.000000 9663676416.000000 9663676416.000000 9663676416.000000 9663676416.000000 9663676416.000000 9663676416.000000 9663676416.000000 12679028736.000000 21881827328.000000 34158452736.000000 46541029376.000000 61970972672.000000 74229391360.000000 77416202240.000000 71075463168.000000 58681376768.000000 43240902656.000000 27806320640.000000 15594365952.000000 9663676416.000000 9663676416.000000 9663676416.000000 9663676416.000000 9663676416.000000 
9663676416.000000 9663676416.000000 9663676416.000000 9663676416.000000 9663676416.000000 9663676416.000000 9663676416.000000 9663676416.000000 9663676416.000000 9663676416.000000 12723417088.000000 15818485760.000000 24958308352.000000 37210824704.000000 49510305792.000000 61954244608.000000 74411958272.000000 80528515072.000000 74260840448.000000 61903798272.000000 46337540096.000000 30933030912.000000 15654781952.000000 9663676416.000000 9663676416.000000 9663676416.000000 9663676416.000000 9663676416.000000 
9663676416.000000 9663676416.000000 9663676416.000000 9663676416.000000 9663676416.000000 9663676416.000000 9663676416.000000 9663676416.000000 12705508352.000000 15791785984.000000 21930618880.000000 28098516992.000000 37290737664.000000 46478770176.000000 55710916608.000000 65080311808.000000 74330193920.000000 77484154880.000000 71211196416.000000 58817835008.000000 43334119424.000000 28023519232.000000 15615977472.000000 9663676416.000000 9663676416.000000 9663676416.000000 9663676416.000000 9663676416.000000 
9663676416.000000 9663676416.000000 9663676416.000000 9663676416.000000 9663676416.000000 9663676416.000000 12703893504.000000 15770551296.000000 21889619968.000000 28048068608.000000 37232476160.000000 43472863232.000000 52685869056.000000 58913628160.000000 65120161792.000000 71181574144.000000 74209263616.000000 71147388928.000000 64738017280.000000 52460666880.000000 37326839808.000000 24925681664.000000 15629469696.000000 9663676416.000000 9663676416.000000 9663676416.000000 9663676416.000000 9663676416.000000 
9663676416.000000 9663676416.000000 9663676416.000000 9663676416.000000 12695831552.000000 15794851840.000000 21914546176.000000 28051675136.000000 37220151296.000000 43457515520.000000 52630188032.000000 58862120960.000000 68092002304.000000 74255745024.000000 77290422272.000000 77159153664.000000 74053427200.000000 64852324352.000000 52470902784.000000 40304844800.000000 28050755584.000000 18752229376.000000 12610086912.000000 9663676416.000000 9663676416.000000 9663676416.000000 9663676416.000000 9663676416.000000 
9663676416.000000 9663676416.000000 12736096256.000000 15835910144.000000 21949773824.000000 28119789568.000000 37286150144.000000 43463970816.000000 52618743808.000000 58855575552.000000 68061532160.000000 74234822656.000000 77301374976.000000 77241720832.000000 74142646272.000000 67864391680.000000 58709540864.000000 49478766592.000000 37337690112.000000 28051376128.000000 18892560384.000000 12773761024.000000 9663676416.000000 9663676416.000000 9663676416.000000 9663676416.000000 9663676416.000000 9663676416.000000 
9663676416.000000 9663676416.000000 15826920448.000000 22032967680.000000 31243018240.000000 40480227328.000000 52659048448.000000 58836365312.000000 68021739520.000000 74217676800.000000 77263429632.000000 77216858112.000000 74156572672.000000 67955941376.000000 58789314560.000000 52459036672.000000 43307741184.000000 34126356480.000000 24913391616.000000 18719731712.000000 12743696384.000000 9663676416.000000 9663676416.000000 9663676416.000000 9663676416.000000 9663676416.000000 9663676416.000000 9663676416.000000 
9663676416.000000 9663676416.000000 15802065920.000000 22011066368.000000 31141437440.000000 40350281728.000000 52652249088.000000 58880417792.000000 65053351936.000000 68145602560.000000 68144267264.000000 65012998144.000000 58833833984.000000 52560994304.000000 43388297216.000000 37070036992.000000 27903057920.000000 21718945792.000000 15660795904.000000 12610086912.000000 9663676416.000000 9663676416.000000 9663676416.000000 9663676416.000000 9663676416.000000 9663676416.000000 9663676416.000000 9663676416.000000 
9663676416.000000 9663676416.000000 15779844096.000000 21955610624.000000 31068846080.000000 40373428224.000000 49659969536.000000 52806103040.000000 55921410048.000000 55917707264.000000 52805599232.000000 49576558592.000000 43435638784.000000 37169504256.000000 27981783040.000000 21780658176.000000 15715530752.000000 12664864768.000000 9663676416.000000 9663676416.000000 9663676416.000000 9663676416.000000 9663676416.000000 9663676416.000000 9663676416.000000 9663676416.000000 9663676416.000000 9663676416.000000 
9663676416.000000 9663676416.000000 15734177792.000000 21902993408.000000 28143749120.000000 34348462080.000000 40534192128.000000 40589582336.000000 40577929216.000000 40481107968.000000 37368180736.000000 34186653696.000000 28029263872.000000 21827653632.000000 15740925952.000000 12672063488.000000 9663676416.000000 9663676416.000000 9663676416.000000 9663676416.000000 9663676416.000000 9663676416.000000 9663676416.000000 9663676416.000000 9663676416.000000 9663676416.000000 9663676416.000000 9663676416.000000 
9663676416.000000 9663676416.000000 12698193920.000000 15808573440.000000 18928218112.000000 22019985408.000000 25135486976.000000 25135253504.000000 25112307712.000000 25011339264.000000 21953918976.000000 18850203648.000000 15753349120.000000 12685584384.000000 9663676416.000000 9663676416.000000 9663676416.000000 9663676416.000000 9663676416.000000 9663676416.000000 9663676416.000000 9663676416.000000 9663676416.000000 9663676416.000000 9663676416.000000 9663676416.000000 9663676416.000000 9663676416.000000 
9663676416.000000 9663676416.000000 9663676416.000000 9663676416.000000 9663676416.000000 9663676416.000000 9663676416.000000 9663676416.000000 9663676416.000000 9663676416.000000 9663676416.000000 9663676416.000000 9663676416.000000 9663676416.000000 9663676416.000000 9663676416.000000 9663676416.000000 9663676416.000000 9663676416.000000 9663676416.000000 9663676416.000000 9663676416.000000 9663676416.000000 9663676416.000000 9663676416.000000 9663676416.000000 9663676416.000000 9663676416.000000 
