0.000000 0.000000 0.000000 0.000000 0.000000 0.000000 0.000000 0.000000 0.000000 0.000000 0.000000 0.000000 0.000000 0.000000 0.000000 0.000000 0.000000 0.000000 0.000000 0.000000 0.000000 0.000000 0.000000 0.000000 0.000000 0.000000 0.000000 0.000000 
0.000000 0.000000 0.000000 0.000000 0.000000 0.000000 0.000000 0.000000 0.000000 0.000000 0.000000 0.000000 0.000000 0.000000 0.000000 0.000000 0.000000 0.000000 0.000000 0.000000 0.000000 0.000000 0.000000 0.000000 0.000000 0.000000 0.000000 0.000000 
0.000000 0.000000 0.000000 0.000000 0.000000 0.000000 0.000000 0.000000 0.000000 0.000000 0.000000 0.000000 0.000000 0.000000 0.000000 0.000000 0.000000 0.000000 0.000000 0.000000 0.000000 0.000000 0.000000 0.000000 0.000000 0.000000 0.000000 0.000000 
0.000000 0.000000 0.000000 0.000000 0.000000 0.000000 0.000000 0.000000 0.000000 0.000000 0.000000 0.005888 0.045465 0.068043 0.077911 0.341729 0.519047 0.669641 0.447812 0.590428 0.958484 1.031706 0.861846 0.444642 0.207624 0.077848 0.000000 0.000000 
0.000000 0.000000 0.000000 0.000000 0.000000 0.000000 0.000000 0.069719 0.127223 0.286115 0.528029 0.665861 0.952866 1.123166 1.056754 1.117289 1.127836 1.288198 0.805491 0.801358 0.834839 1.129876 0.749456 0.167770 0.000000 0.000000 0.000000 0.000000 
0.000000 0.000000 0.000000 0.000000 0.000000 0.000000 0.085271 0.604389 0.882870 0.989591 1.111623 1.100971 1.107670 1.074196 1.190487 1.203483 1.254725 0.877979 0.362395 0.551194 0.462042 0.656785 0.079380 0.000000 0.000000 0.000000 0.000000 0.000000 
0.000000 0.000000 0.000000 0.000000 0.000000 0.000000 0.000000 0.447215 0.987193 1.294257 1.245205 1.335481 1.409784 1.252009 1.062387 1.114959 1.519224 0.913292 0.438965 0.000000 0.395782 0.612514 0.226669 0.000000 0.000000 0.000000 0.000000 0.000000 
0.000000 0.000000 0.000000 0.000000 0.000000 0.022840 0.017485 0.477843 0.914644 1.020118 1.096764 1.313127 1.263212 0.962440 0.495486 0.313307 0.548247 0.102048 0.000000 0.000000 0.045881 0.000000 0.000000 0.138082 0.261160 0.174693 0.000000 0.000000 
0.000000 0.000000 0.000000 0.000000 0.000000 0.000000 0.000000 0.293959 0.819690 0.580263 0.513017 0.833133 0.888489 0.203542 0.000000 0.000000 0.247438 0.028842 0.000000 0.000000 0.000000 0.000000 0.074059 0.272984 0.307144 0.100943 0.000000 0.000000 
0.000000 0.000000 0.000000 0.000000 0.000000 0.000000 0.000000 0.000000 0.000000 0.000000 0.539899 1.115958 1.268967 0.255414 0.000000 0.000000 0.336356 0.253168 0.000000 0.000000 0.000000 0.004894 0.077932 0.096144 0.060954 0.000000 0.000000 0.000000 
0.000000 0.000000 0.000000 0.000000 0.000000 0.000000 0.000000 0.000000 0.000000 0.000000 0.000000 0.863413 1.401113 0.593183 0.000000 0.000000 0.000000 0.283633 0.325545 0.319044 0.000000 0.000000 0.000000 0.000000 0.000000 0.000000 0.000000 0.000000 
0.000000 0.000000 0.000000 0.000000 0.000000 0.000000 0.003623 0.000000 0.000000 0.000000 0.000000 0.231721 1.025085 1.135344 0.837147 0.511055 0.019266 0.000000 0.166782 0.245528 0.000000 0.000000 0.000000 0.000000 0.000000 0.000000 0.000000 0.000000 
0.000000 0.000000 0.000000 0.000000 0.000000 0.000000 0.000000 0.000000 0.000000 0.000000 0.000000 0.000000 0.446169 1.195519 1.195169 0.875154 0.667206 0.337829 0.105042 0.082370 0.014177 0.000000 0.000000 0.000000 0.000000 0.000000 0.000000 0.000000 
0.000000 0.000000 0.000000 0.000000 0.000000 0.000000 0.000000 0.000000 0.000000 0.000000 0.000000 0.000000 0.076166 0.785748 1.134378 1.085665 0.817955 0.687620 0.186627 0.117240 0.071741 0.015425 0.000000 0.000000 0.000000 0.000000 0.000000 0.000000 
0.000000 0.000000 0.000000 0.000000 0.000000 0.000000 0.000000 0.000000 0.000000 0.000000 0.000000 0.000000 0.000000 0.349516 0.928602 1.121909 0.972964 0.764421 0.601354 0.188821 0.034512 0.080602 0.000000 0.000000 0.000000 0.000000 0.000000 0.000000 
0.000000 0.000000 0.000000 0.000000 0.000000 0.000000 0.000000 0.000000 0.000000 0.000000 0.000781 0.000000 0.000000 0.000000 0.272531 0.698695 1.433525 1.355781 1.153447 0.405089 0.000000 0.000000 0.038521 0.000000 0.000000 0.000000 0.000000 0.000000 
0.000000 0.000000 0.000000 0.000000 0.000000 0.000000 0.000000 0.000000 0.000000 0.000000 0.000000 0.003686 0.000000 0.000000 0.000000 0.439770 1.557064 2.098623 1.982616 0.390368 0.000000 0.000000 0.000000 0.000000 0.000000 0.000000 0.000000 0.000000 
0.000000 0.000000 0.000000 0.000000 0.000000 0.000000 0.000000 0.000000 0.000000 0.000000 0.000000 0.092483 0.359361 0.587064 0.518997 0.515060 1.097271 1.794151 2.138532 0.874923 0.000000 0.000000 0.000000 0.000000 0.000000 0.000000 0.000000 0.000000 
0.000000 0.000000 0.000000 0.000000 0.000000 0.000000 0.000000 0.000000 0.000000 0.056684 0.262536 0.550621 0.842728 1.189710 1.435597 1.186687 0.777161 0.713343 0.459746 0.354465 0.000000 0.000000 0.000000 0.000000 0.000000 0.000000 0.000000 0.000000 
0.000000 0.000000 0.000000 0.000000 0.000000 0.000000 0.000000 0.053656 0.163987 0.494171 0.793364 1.138040 1.473865 1.507896 1.367758 1.103387 0.521924 0.000000 0.000000 0.000000 0.000000 0.158378 0.100099 0.000000 0.000000 0.000000 0.000000 0.000000 
0.000000 0.000000 0.000000 0.000000 0.000000 0.043355 0.405295 0.705983 0.821705 1.133653 1.414774 1.541067 1.330212 1.120573 0.716630 0.218174 0.000000 0.000000 0.000000 0.123372 0.149631 0.253246 0.001770 0.000000 0.000000 0.000000 0.000000 0.000000 
0.000000 0.000000 0.000000 0.130496 0.465578 0.626005 0.883206 1.141039 1.425492 1.428918 1.382918 1.295681 0.825147 0.191620 0.000000 0.000000 0.000000 0.000000 0.000000 0.022190 0.402852 0.289692 0.000000 0.000000 0.000000 0.000000 0.000000 0.000000 
0.000000 0.000000 0.000000 0.158473 0.652108 1.102130 1.452512 1.356097 1.090635 0.879798 0.799117 0.254593 0.000000 0.000000 0.000000 0.000000 0.000000 0.000000 0.282414 0.335235 0.123337 0.000000 0.000000 0.000000 0.000000 0.000000 0.000000 0.000000 
0.000000 0.000000 0.000000 0.000000 0.256672 0.350352 0.343250 0.481284 0.332753 0.100049 0.000000 0.000000 0.000000 0.000000 0.000000 0.000000 0.270231 0.324850 0.128546 0.001770 0.000000 0.000000 0.000000 0.000000 0.000000 0.000000 0.000000 0.000000 
0.000000 0.000000 0.078067 0.267046 0.503933 0.757594 0.454486 0.000000 0.000000 0.000000 0.000000 0.000000 0.000000 0.000000 0.238455 0.307643 0.128382 0.012967 0.000000 0.000000 0.000000 0.000000 0.000000 0.000000 0.000000 0.000000 0.000000 0.000000 
0.000000 0.000000 0.000000 0.000000 0.000000 0.000000 0.000000 0.000000 0.000000 0.000000 0.000000 0.000000 0.157088 0.391534 0.213569 0.016166 0.000000 0.000000 0.000000 0.000000 0.000000 0.000000 0.000000 0.000000 0.000000 0.000000 0.000000 0.000000 
0.000000 0.000000 0.007159 0.000000 0.000000 0.000000 0.000000 0.000000 0.000000 0.056795 0.130325 0.215618 0.212995 0.024164 0.000000 0.000000 0.000000 0.000000 0.000000 0.000000 0.000000 0.000000 0.000000 0.000000 0.000000 0.000000 0.000000 0.000000 
0.000000 0.000000 0.000000 0.000000 0.000000 0.000000 0.000000 0.000000 0.000000 0.000000 0.000000 0.000000 0.000000 0.000000 0.000000 0.000000 0.000000 0.000000 0.000000 0.000000 0.000000 0.000000 0.000000 0.000000 0.000000 0.000000 0.000000 0.000000 
