0.000000 0.000000 0.000000 0.000000 0.000000 0.443186 0.972826 1.372110 1.700074 1.519333 0.933949 0.481599 0.484421 0.225309 
0.000000 0.000000 0.000000 0.000000 0.000000 0.279790 0.823325 1.394096 2.514683 1.709611 0.579788 0.193632 0.247476 0.414262 
0.000000 0.000000 0.000000 0.000000 0.000000 0.000000 0.000000 0.000000 0.000000 0.000000 0.436978 0.531362 0.145868 0.270948 
0.000000 0.000000 0.000000 0.000000 0.000000 0.000000 0.000000 0.000000 0.000000 0.000000 0.877577 0.751008 0.000000 0.000000 
0.000000 0.000000 0.000000 0.000000 0.000000 0.000000 0.000000 0.000000 0.000000 0.000000 0.000000 0.000000 0.000000 0.000000 
0.000000 0.000000 0.000000 0.000000 0.000000 0.000000 0.980469 0.632161 0.000000 0.000000 0.000000 0.000000 0.000000 0.000000 
0.000000 0.000000 0.011479 0.332324 0.880121 1.468683 0.154568 0.000000 0.000000 0.000000 0.854774 0.878098 0.377032 0.000000 
0.000000 0.000000 0.000000 0.000000 0.000000 0.000000 0.000000 0.000000 0.570546 1.619571 1.640045 0.936411 0.396478 0.468086 
0.000000 0.000000 0.000000 0.000000 0.000000 0.000000 0.000000 2.285265 1.597642 0.664710 0.628018 0.576578 0.521019 0.468500 
0.000000 0.000000 0.000000 0.000000 0.000000 0.414018 1.561666 1.192676 0.000000 0.000000 0.201767 0.423476 0.288468 0.000000 
0.000000 0.000000 0.000000 0.000000 0.000000 0.000000 0.000000 0.000000 0.000000 0.000000 0.061134 0.092545 0.000000 0.000000 
0.000000 0.000000 0.000000 0.000000 0.000000 0.000000 0.000000 0.004024 0.391973 0.000000 0.118621 0.000000 0.000000 0.000000 
0.000000 0.000000 0.000000 0.000000 0.000000 0.000000 0.778348 1.165321 0.000000 0.000000 0.336834 0.000000 0.000000 0.000000 
0.246587 0.327485 0.650648 0.985408 2.272061 1.892922 1.448228 0.958567 0.190569 0.466065 0.186389 0.000000 0.000000 0.000000 
